287
389
56
331
492
40
287
17
485
324
402
188
74
65
49
478
420
438
186
332
247
429
400
30
210
494
240
291
257
314
230
354
231
27
91
484
385
302
430
472
99
276
339
324
150
284
454
2
133
266
139
141
392
126
103
211
51
271
159
159
118
244
194
278
496
477
164
37
147
354
405
80
64
370
178
137
51
492
403
285
134
38
111
356
91
95
7
138
338
141
24
382
314
273
479
314
493
51
309
255
119
237
145
68
310
362
151
73
223
58
150
202
443
28
27
281
243
60
342
376
421
298
330
311
256
467
495
179
196
88
72
65
160
67
355
483
18
423
259
477
206
15
174
354
237
323
381
318
472
384
249
205
235
184
4
420
262
348
266
41
317
89
485
6
110
148
482
21
259
348
87
154
104
29
263
139
28
364
322
240
397
136
214
230
193
91
305
286
148
489
248
304
26
221
134
473
301
262
262
257
100
427
472
70
467
237
56
67
62
25
340
325
265
213
363
155
204
230
87
133
459
106
344
457
304
40
59
291
302
188
339
222
280
265
279
96
162
97
437
412
186
383
33
327
13
355
184
30
129
29
128
218
325
269
99
144
50
99
282
116
164
195
347
305
191
88
292
189
377
271
36
259
376
313
391
230
155
488
99
237
384
441
260
254
61
301
466
123
34
21
191
283
266
270
249
242
184
483
90
340
92
476
16
207
413
276
441
359
350
428
179
120
232
35
202
83
144
99
82
473
35
358
37
98
281
3
147
294
42
110
187
225
297
80
283
292
226
433
244
190
330
411
49
233
10
345
490
95
476
473
309
254
406
347
274
189
12
157
147
384
140
62
70
110
439
112
235
37
366
122
210
151
92
276
214
118
118
454
217
499
141
225
12
420
44
25
81
83
210
250
371
402
313
287
252
168
401
21
344
364
196
449
174
223
165
344
18
106
265
446
146
3
262
97
337
153
28
149
216
382
378
343
356
84
419
212
19
119
20
334
88
174
453
402
104
89
14
447
115
127
226
22
192
245
377
329
264
197
219
80
390
157
71
255
25
414
167
20
218
450
301
379
116
275
204
188
35
277
232
273
431
10
190
208
423
224
15
5
287
466
318
113
267
179
225
33
375
271
147
17
294
327
199
479
486
444
434
247
141
175
